000 100 (720,1280,3)
001 100 (720,1280,3)
002 100 (720,1280,3)
003 100 (720,1280,3)
004 100 (720,1280,3)
005 100 (720,1280,3)
006 100 (720,1280,3)
007 100 (720,1280,3)
008 100 (720,1280,3)
009 100 (720,1280,3)
010 100 (720,1280,3)
011 100 (720,1280,3)
012 100 (720,1280,3)
013 100 (720,1280,3)
014 100 (720,1280,3)
015 100 (720,1280,3)
016 100 (720,1280,3)
017 100 (720,1280,3)
018 100 (720,1280,3)
019 100 (720,1280,3)
020 100 (720,1280,3)
021 100 (720,1280,3)
022 100 (720,1280,3)
023 100 (720,1280,3)
024 100 (720,1280,3)
025 100 (720,1280,3)
026 100 (720,1280,3)
027 100 (720,1280,3)
028 100 (720,1280,3)
029 100 (720,1280,3)
030 100 (720,1280,3)
031 100 (720,1280,3)
032 100 (720,1280,3)
033 100 (720,1280,3)
034 100 (720,1280,3)
035 100 (720,1280,3)
036 100 (720,1280,3)
037 100 (720,1280,3)
038 100 (720,1280,3)
039 100 (720,1280,3)
040 100 (720,1280,3)
041 100 (720,1280,3)
042 100 (720,1280,3)
043 100 (720,1280,3)
044 100 (720,1280,3)
045 100 (720,1280,3)
046 100 (720,1280,3)
047 100 (720,1280,3)
048 100 (720,1280,3)
049 100 (720,1280,3)
050 100 (720,1280,3)
051 100 (720,1280,3)
052 100 (720,1280,3)
053 100 (720,1280,3)
054 100 (720,1280,3)
055 100 (720,1280,3)
056 100 (720,1280,3)
057 100 (720,1280,3)
058 100 (720,1280,3)
059 100 (720,1280,3)
060 100 (720,1280,3)
061 100 (720,1280,3)
062 100 (720,1280,3)
063 100 (720,1280,3)
064 100 (720,1280,3)
065 100 (720,1280,3)
066 100 (720,1280,3)
067 100 (720,1280,3)
068 100 (720,1280,3)
069 100 (720,1280,3)
070 100 (720,1280,3)
071 100 (720,1280,3)
072 100 (720,1280,3)
073 100 (720,1280,3)
074 100 (720,1280,3)
075 100 (720,1280,3)
076 100 (720,1280,3)
077 100 (720,1280,3)
078 100 (720,1280,3)
079 100 (720,1280,3)
080 100 (720,1280,3)
081 100 (720,1280,3)
082 100 (720,1280,3)
083 100 (720,1280,3)
084 100 (720,1280,3)
085 100 (720,1280,3)
086 100 (720,1280,3)
087 100 (720,1280,3)
088 100 (720,1280,3)
089 100 (720,1280,3)
090 100 (720,1280,3)
091 100 (720,1280,3)
092 100 (720,1280,3)
093 100 (720,1280,3)
094 100 (720,1280,3)
095 100 (720,1280,3)
096 100 (720,1280,3)
097 100 (720,1280,3)
098 100 (720,1280,3)
099 100 (720,1280,3)
100 100 (720,1280,3)
101 100 (720,1280,3)
102 100 (720,1280,3)
103 100 (720,1280,3)
104 100 (720,1280,3)